5.814941            
9.673300            
6.715873            
6.080044            
5.229484            
6.577097            
5.989014            
9.333600            
4.938180            
6.401963            
5.091577            
5.420692            
7.848782            
5.966481            
5.383758            
8.404583            
5.210012            
6.471372            
5.586648            
6.325099            
5.439329            
5.964587            
5.512810            
4.026291            
8.218676            
8.416444            
5.075268            
4.090420            
4.565811            
6.892484            
6.083898            
6.980003            
6.716392            
3.717411            
5.308526            
8.951346            
5.270294            
7.606226            
9.966382            
5.174051            
6.463340            
5.132776            
7.214516            
7.593896            
6.475053            
8.664509            
7.236277            
4.900971            
5.320912            
4.150757            
6.309723            
6.746726            
6.523753            
6.183139            
6.508209            
5.437820            
6.590805            
4.703055            
6.414684            
5.188401            
6.616498            
7.567743            
6.949057            
3.707816            
4.312479            
7.187516            
5.570690            
6.702026            
5.765504            
6.715356            
7.223819            
4.839201            
3.485130            
6.561541            
5.274169            
4.612422            
6.179368            
4.563309            
5.186991            
5.932438            
5.131260            
4.623008            
4.855737            
6.347190            
5.740092            
6.666444            
9.075157            
11.293979           
4.575161            
4.812404            
7.620762            
6.593863            
5.457780            
8.289015            
6.992886            
10.251838           
7.245198            
5.240781            
5.129644            
4.884247            
5.972059            
8.690073            
6.665143            
7.758234            
5.344736            
4.567350            
5.722541            
6.092580            
5.416208            
6.444311            
7.893306            
3.846660            
8.922268            
6.044923            
7.898453            
4.259772            
3.873601            
5.737645            
8.726548            
7.935018            
8.767981            
8.649169            
4.516028            
4.768990            
5.575150            
11.198553           
8.076017            
5.098268            
4.277904            
6.711678            
5.545995            
9.917951            
7.553446            
7.506741            
4.822480            
6.465310            
4.904998            
6.090485            
10.631686           
5.056105            
9.974132            
6.780628            
5.362174            
7.613208            
3.601433            
8.003547            
6.984935            
6.044100            
12.516603           
4.789670            
4.680684            
4.307531            
5.529403            
3.675605            
7.405491            
5.876609            
5.656830            
6.243423            
6.512635            
6.358040            
4.932569            
8.880239            
7.094513            
5.964283            
4.792571            
5.722461            
6.677317            
5.443186            
6.290473            
5.183047            
3.456765            
10.263820           
5.740094            
4.005144            
6.351341            
7.701423            
8.420962            
5.565070            
5.798521            
5.787957            
6.381369            
5.994062            
10.755474           
4.202456            
4.928203            
3.864840            
5.555900            
4.570462            
8.755252            
5.427800            
4.766845            
7.343846            
5.021839            
6.184208            
5.047649            
4.595565            
7.618310            
6.446051            
5.475828            
4.717745            
5.179883            
6.569173            
7.605735            
6.217107            
6.491252            
6.417959            
5.371478            
5.511960            
7.357476            
8.400997            
6.526345            
8.047970            
3.121576            
7.214321            
5.563761            
4.978470            
6.510141            
8.232145            
5.875412            
7.441114            
5.432687            
4.068735            
4.834796            
5.800462            
3.869837            
6.132555            
5.384978            
5.834755            
6.591819            
6.359748            
6.939792            
5.230081            
6.085876            
4.178500            
7.087263            
9.831297            
5.428030            
5.311074            
5.399117            
5.142339            
4.346647            
5.781876            
4.243928            
5.556862            
5.927455            
4.488248            
4.388167            
5.617044            
6.113653            
5.834340            
11.265469           
5.625192            
4.489329            
5.267172            
4.915074            
6.691697            
7.813246            
6.615493            
4.899944            
4.889722            
6.118724            
4.678788            
7.969569            
8.681385            
3.991345            
6.524009            
7.845101            
5.588212            
4.786314            
8.774054            
5.770498            
4.993494            
6.058482            
5.609732            
5.003741            
6.725171            
5.218313            
9.046488            
5.229887            
7.904123            
6.164398            
10.013966           
7.607399            
6.913667            
6.267047            
6.429488            
5.322517            
7.284090            
6.005888            
4.284751            
5.664205            
5.765516            
9.491439            
6.401649            
5.883187            
7.127051            
3.547447            
4.757287            
6.120362            
6.061552            
4.279017            
6.653592            
4.620388            
6.543500            
7.525192            
8.123624            
5.068680            
4.163324            
8.014029            
9.182994            
5.086524            
5.678905            
7.513044            
7.141662            
7.570840            
8.417988            
4.485424            
7.350918            
5.164373            
9.592790            
4.724947            
6.438669            
5.770431            
5.200615            
7.240704            
6.325099            
6.040958            
4.293395            
5.871926            
6.546909            
5.344687            
4.920051            
4.125911            
7.000064            
4.347395            
7.336548            
4.885489            
6.601208            
5.703948            
5.730240            
8.070576            
4.776780            
4.619351            
5.629695            
5.305657            
5.479509            
5.423355            
4.852008            
5.733982            
5.273680            
6.606752            
4.763272            
5.937330            
6.171305            
6.276859            
9.673740            
5.481868            
6.684179            
6.696083            
5.329320            
5.947933            
7.832135            
5.897811            
4.990280            
5.695445            
5.042692            
7.335969            
5.411114            
2.842777            
6.339513            
4.847734            
6.291615            
9.453453            
4.106298            
8.548869            
7.468101            
6.459484            
6.628848            
4.518567            
10.985011           
5.802918            
5.632833            
5.508634            
6.082006            
8.514557            
6.506328            
5.142787            
5.174051            
5.640985            
5.309347            
4.635443            
6.695307            
6.388013            
6.189400            
6.465634            
4.949320            
8.609751            
4.941111            
9.354687            
6.838354            
5.441212            
4.850533            
5.835722            
9.072477            
8.162515            
4.945392            
6.279909            
6.006052            
6.619990            
5.555801            
4.171799            
5.131472            
6.571064            
5.108388            
10.694973           
6.105185            
5.494641            
5.933775            
10.965014           
5.175469            
4.215677            
6.278434            
7.177082            
5.819081            
5.191369            
4.717996            
3.496661            
4.707711            
8.616830            
7.655477            
6.236063            
5.857593            
4.481430            
6.724473            
5.143506            
5.091932            
5.004544            
7.551121            
5.709135            
5.742355            
8.493524            
5.730725            
7.543426            
8.531521            
5.192706            
7.290085            
5.585055            
4.156769            
5.176669            
4.257982            
4.991373            
6.460774            
9.479717            
5.425357            
4.547431            
7.081744            
7.806342            
8.541249            
6.982751            
3.683347            
5.808980            
4.249967            
3.904527            
6.839369            
5.930322            
7.670655            
9.582584            
5.327716            
7.524585            
5.452317            
4.486086            
5.233483            
6.677204            
9.732931            
5.824680            
5.271585            
12.336057           
8.571366            
6.041374            
5.475412            
6.084562            
6.290658            
4.681759            
5.018666            
5.379901            
6.162527            
8.536087            
5.385563            
3.549725            
5.383106            
5.261888            
5.455956            
6.585829            
5.732524            
5.666695            
5.370130            
4.083909            
3.318574            
4.060079            
6.251776            
6.907990            
5.249111            
4.507964            
8.503043            
5.933331            
7.519565            
5.695442            
4.636196            
6.130611            
5.750330            
6.375078            
4.391194            
5.994882            
6.491813            
9.525268            
7.571211            
6.315608            
5.617923            
9.615305            
5.544248            
7.172448            
6.560461            
4.067127            
5.482598            
4.227072            
4.957338            
7.711058            
6.542787            
6.405806            
5.078196            
9.219538            
5.593228            
5.550810            
7.010269            
6.296516            
5.786080            
8.582540            
3.905200            
5.295711            
6.529182            
5.004508            
4.714791            
3.686465            
5.041601            
7.086168            
6.378800            
4.301842            
5.152746            
3.696916            
3.480125            
6.255035            
4.265125            
5.144372            
5.514147            
4.600256            
3.498605            
5.534184            
9.131426            
7.438899            
5.880727            
6.330623            
6.700580            
6.501790            
5.928420            
4.722335            
5.984054            
4.668891            
5.621957            
13.562385           
5.031412            
10.355652           
5.658281            
7.788938            
6.352677            
7.040587            
9.821073            
4.569343            
9.809446            
7.576334            
8.690427            
6.440502            
6.560237            
7.068385            
4.857714            
4.895732            
3.276044            
6.832675            
6.167917            
5.069301            
3.914941            
5.055488            
6.201030            
6.635993            
5.371673            
7.302218            
6.304280            
6.298824            
3.753141            
8.078143            
7.212532            
4.454202            
6.639954            
6.964807            
5.509116            
4.500690            
8.572021            
6.983991            
5.205381            
7.626571            
4.825565            
5.686993            
5.760055            
6.124605            
5.796540            
11.084347           
6.259629            
4.451238            
5.338221            
4.515403            
9.534250            
4.784706            
13.212317           
5.086456            
5.865827            
6.031062            
6.059263            
5.966728            
6.898965            
5.716267            
11.399883           
3.983756            
7.137247            
4.808774            
6.156125            
6.185461            
6.700201            
11.630793           
7.636059            
5.089412            
4.780964            
5.760711            
4.306155            
6.243011            
4.821884            
6.287689            
3.427376            
8.693246            
5.896379            
10.000402           
6.376818            
6.353628            
9.283762            
3.670349            
4.294634            
6.726639            
4.143765            
5.880209            
4.645227            
5.659342            
6.805180            
7.719736            
10.395649           
6.260939            
4.934365            
6.047018            
5.659556            
4.936446            
10.037866           
6.692009            
9.310318            
6.096773            
4.762919            
4.903306            
7.845004            
4.542094            
4.192736            
5.311632            
4.646758            
5.420007            
6.533640            
6.625797            
9.554574            
