2.479908            
2.851642            
3.170048            
0.838493            
2.833434            
1.048848            
2.143115            
1.852268            
3.639118            
1.218847            
2.573248            
3.810116            
1.673088            
3.014956            
1.191348            
4.195128            
2.617958            
3.513038            
2.550930            
1.879932            
4.238944            
2.023148            
2.719799            
1.250926            
3.256075            
4.842781            
2.228551            
2.374828            
1.713780            
2.540681            
1.357311            
1.159103            
2.466086            
2.374828            
1.852268            
3.569581            
3.324919            
4.313839            
2.916761            
2.044589            
1.989010            
2.199042            
2.225928            
0.803602            
2.934113            
1.218847            
2.272100            
2.374828            
2.079226            
0.992429            
0.992429            
4.053280            
6.156107            
1.930885            
2.372354            
3.848652            
5.068247            
2.524291            
0.787528            
2.133446            
1.489578            
2.730618            
5.504823            
3.304859            
1.989010            
4.646507            
3.256075            
1.497504            
4.563941            
