4.003956            
3.093162            
3.145684            
5.802859            
6.185772            
5.707883            
2.227420            
5.521219            
4.316714            
10.953911           
3.080435            
3.714961            
5.474475            
4.094435            
3.109131            
6.992680            
4.399487            
5.522935            
6.773030            
7.306601            
4.050231            
4.719792            
4.718979            
2.792433            
5.248765            
2.797116            
3.743681            
4.936792            
3.862125            
4.340542            
7.063869            
4.821907            
4.197197            
2.386786            
5.074831            
3.550515            
2.829927            
4.453567            
6.997440            
4.508972            
5.597323            
3.243683            
5.688611            
5.737165            
4.572273            
5.222595            
4.758773            
5.070312            
3.830397            
3.749344            
3.044817            
2.738450            
9.979060            
3.724974            
4.630977            
2.945492            
6.285615            
4.016372            
3.030800            
3.071624            
6.935500            
4.186601            
2.922857            
4.018234            
5.439726            
2.903414            
4.274493            
6.520982            
7.304762            
7.893205            
3.218719            
4.485737            
3.037115            
4.051324            
4.018478            
3.618954            
9.158342            
6.870511            
5.077569            
9.292319            
2.511162            
4.126377            
3.475548            
6.583749            
4.760333            
4.872205            
3.624247            
5.867821            
5.043441            
5.260489            
3.252735            
4.176740            
5.230542            
2.047496            
3.353137            
6.068437            
5.752666            
4.642101            
7.714928            
6.054747            
4.811500            
2.456049            
3.757932            
8.773146            
2.234835            
4.181727            
5.916686            
5.755754            
6.879470            
2.870165            
5.563798            
4.393323            
6.872044            
5.018537            
5.414044            
4.829251            
4.646313            
7.986510            
6.384093            
4.541351            
6.167996            
5.199963            
3.780852            
2.598936            
4.560420            
4.157475            
5.581064            
4.192750            
2.293656            
4.320202            
3.084611            
4.027686            
5.907927            
4.934838            
3.787392            
5.245380            
5.136884            
3.743380            
3.122316            
9.246426            
4.195036            
3.788775            
6.189581            
2.679453            
4.232826            
4.304633            
3.037922            
3.155382            
4.036806            
3.338851            
4.681635            
4.520424            
5.248765            
4.248490            
3.695047            
4.100480            
4.141302            
3.095403            
2.789874            
1.881824            
4.315564            
2.771565            
9.713676            
10.428089           
4.111203            
4.565610            
4.417007            
3.140550            
1.970166            
4.412466            
6.829505            
4.610949            
3.123005            
5.625702            
6.450513            
2.781864            
5.181846            
3.058507            
7.795921            
2.314523            
6.631340            
3.013993            
4.174008            
3.532268            
4.601765            
2.350937            
5.258842            
4.731503            
6.282842            
5.466276            
4.423985            
5.808845            
3.614547            
6.666409            
5.985808            
3.113935            
6.663964            
4.156022            
4.909845            
6.543012            
4.430504            
3.782137            
3.210862            
3.902839            
4.061599            
7.301664            
5.106756            
8.031998            
7.134869            
4.250728            
3.769111            
4.414507            
5.719343            
5.807707            
4.919429            
4.600601            
3.889723            
5.359183            
2.144346            
3.645803            
4.461130            
3.170952            
3.794828            
2.916110            
4.007246            
6.697286            
2.933134            
6.043377            
3.789805            
3.362399            
7.987135            
2.982898            
5.935794            
7.665647            
4.963885            
4.432920            
7.343472            
3.385148            
2.531711            
4.038775            
4.865307            
4.006185            
3.935841            
7.363314            
4.538456            
3.084672            
4.108838            
4.466142            
3.095403            
5.586658            
5.330408            
4.428099            
3.694871            
2.934378            
1.998036            
3.583932            
6.682597            
2.886205            
4.009500            
3.286169            
6.204104            
5.827568            
5.604254            
4.796239            
4.320581            
4.971439            
3.419830            
4.044830            
3.947109            
4.507964            
4.944956            
4.728253            
3.099372            
5.832481            
3.946606            
5.125532            
4.767047            
2.151622            
6.055889            
8.290232            
5.013398            
2.437113            
8.511006            
14.007416           
3.906763            
3.569150            
3.698614            
6.004901            
8.037822            
3.999848            
6.218787            
2.687639            
4.311058            
2.678470            
3.834174            
3.682075            
5.790185            
4.630103            
3.131066            
5.120363            
3.935031            
3.156082            
3.070514            
3.954909            
4.990951            
3.045863            
3.683391            
6.297828            
4.427614            
6.529548            
4.317608            
2.346868            
4.741586            
3.733705            
4.691139            
5.925241            
3.668226            
4.160040            
6.733036            
3.258792            
5.710163            
7.762246            
4.390767            
3.540666            
6.324472            
2.877130            
2.940851            
3.847741            
3.124703            
2.799310            
5.507149            
5.333800            
3.091952            
4.355659            
3.324177            
7.170137            
5.088308            
4.103645            
3.415730            
5.930686            
6.891792            
4.973515            
6.162712            
3.391302            
3.625261            
6.208849            
6.419737            
5.258809            
4.002809            
8.408872            
7.002099            
3.760718            
3.749512            
6.538137            
3.958589            
4.522646            
4.054372            
4.291675            
4.431285            
7.532897            
4.952051            
4.141302            
6.214255            
3.215814            
5.956166            
5.685340            
2.841422            
5.204884            
3.670586            
5.082530            
6.053247            
2.925496            
5.637053            
3.660576            
3.755916            
4.047192            
4.303723            
2.325411            
5.509766            
2.345985            
3.793467            
7.736491            
5.070251            
2.181498            
3.861786            
9.238597            
3.427038            
4.367124            
3.608960            
2.204666            
4.962705            
4.796161            
6.409031            
1.988804            
7.800304            
4.993637            
6.443714            
4.918388            
4.257209            
4.165076            
4.722352            
3.910707            
4.351876            
9.003193            
4.086582            
3.662977            
2.373699            
4.955777            
2.804561            
7.128239            
5.836899            
3.533742            
4.093496            
4.249605            
3.666116            
4.673928            
5.443918            
3.531071            
4.098645            
2.507029            
3.986853            
8.244696            
3.434846            
4.281596            
3.346344            
5.232252            
2.946162            
3.433632            
4.106446            
5.427489            
8.148259            
4.238688            
3.479692            
4.756938            
3.525046            
7.695676            
6.226005            
6.454101            
5.751595            
3.711645            
3.442148            
5.858520            
5.221488            
3.026864            
4.456944            
3.308077            
6.946395            
3.587143            
5.007786            
6.384608            
3.452272            
5.018915            
3.565063            
2.806405            
6.486895            
8.951020            
5.081741            
8.845357            
4.529362            
4.852264            
4.290273            
5.288909            
5.357338            
5.967944            
4.899430            
4.954699            
4.335986            
3.459573            
5.511287            
4.063905            
5.236031            
3.408980            
5.164969            
5.299434            
5.359943            
7.078009            
4.309501            
6.542047            
3.549086            
4.663405            
4.623181            
3.962335            
8.771899            
4.581510            
5.078442            
7.320383            
3.671496            
5.410307            
4.929523            
5.500391            
2.915532            
3.173108            
5.643282            
4.749275            
1.795702            
4.559185            
4.318922            
2.941234            
3.875700            
3.171569            
4.246376            
3.103140            
5.194202            
3.649453            
3.210268            
5.582974            
6.657860            
5.979104            
5.597134            
8.333666            
3.461926            
5.194604            
4.559308            
3.488600            
5.095111            
7.607608            
12.804712           
3.682739            
4.298507            
4.129146            
2.533707            
4.523753            
3.418073            
3.422515            
5.437849            
4.226466            
9.297911            
5.860012            
5.619253            
3.435629            
4.498168            
5.040140            
3.463147            
3.173110            
3.553890            
3.489574            
4.087078            
3.416653            
6.590218            
7.834678            
5.624383            
3.904150            
4.336272            
4.640085            
6.737980            
4.340905            
6.774506            
2.925695            
4.019252            
4.757445            
3.532361            
4.559938            
3.807792            
5.297611            
3.268529            
5.646400            
4.048786            
5.025740            
3.942850            
5.558191            
4.502353            
5.563798            
5.468968            
2.338003            
4.536022            
5.502178            
7.266364            
5.021178            
4.178123            
5.798317            
5.509744            
3.584081            
6.031933            
3.670674            
8.960412            
3.444303            
5.091419            
2.973179            
2.524957            
3.302773            
4.171170            
3.709888            
5.360299            
5.565383            
5.420016            
3.437740            
3.212108            
6.252091            
3.040012            
4.963672            
4.204993            
3.887426            
3.815271            
6.066878            
4.144359            
6.412148            
6.531448            
3.379180            
8.332971            
4.104229            
4.145405            
3.940231            
5.572648            
4.704483            
2.972796            
4.764899            
7.876118            
5.281191            
5.620316            
3.233906            
3.424763            
2.708822            
3.490742            
3.323976            
5.383316            
4.077397            
4.188775            
4.835305            
3.846956            
5.556954            
3.352365            
8.171513            
4.692114            
4.585533            
7.591847            
5.547901            
4.901496            
5.818906            
4.192835            
3.930536            
16.354618           
3.780851            
3.653204            
6.644419            
2.919970            
3.771831            
5.056691            
2.325444            
2.907301            
2.288677            
4.556664            
3.852142            
4.014302            
4.199604            
4.961994            
3.762234            
4.008646            
5.907689            
2.734064            
4.903828            
4.972613            
4.834980            
3.685573            
3.101991            
3.870128            
6.321015            
4.702234            
2.680929            
5.445356            
4.257574            
6.524195            
2.750240            
5.277783            
4.509628            
5.979116            
6.178479            
6.455492            
5.353334            
2.907174            
3.788865            
3.581024            
2.661907            
5.281484            
5.439540            
3.601942            
3.659361            
4.297708            
4.156929            
2.451169            
5.904348            
6.181123            
3.638952            
4.560636            
4.837666            
5.759833            
5.329025            
4.222516            
7.317041            
6.804703            
5.693414            
3.772040            
4.635435            
2.778779            
3.585192            
4.407741            
4.541592            
4.838847            
5.032217            
4.785332            
4.084798            
6.385318            
3.996492            
7.478876            
3.577047            
4.460908            
2.254744            
6.094947            
6.582131            
5.823397            
3.587807            
5.678983            
4.942461            
3.905244            
3.251201            
4.338297            
5.321345            
4.890815            
4.542796            
4.841451            
2.787965            
2.904473            
5.326775            
6.284423            
4.339166            
3.656548            
4.095880            
4.826064            
5.879294            
5.250785            
5.619520            
6.816097            
3.603566            
5.750166            
3.962353            
4.249104            
4.851515            
5.834196            
3.007326            
5.888633            
6.148679            
3.901000            
5.781952            
5.801207            
5.137977            
2.998061            
4.680312            
4.674279            
4.206932            
4.706046            
3.763883            
3.109131            
2.297357            
2.994234            
3.755340            
4.845832            
3.713803            
3.541108            
2.513408            
3.259861            
5.746815            
4.094259            
5.381075            
5.274798            
5.112484            
3.844823            
3.531465            
4.078806            
3.790490            
5.317722            
8.290210            
5.238537            
5.859700            
3.748458            
5.250501            
3.209985            
5.677138            
4.806823            
4.021305            
3.359788            
4.087791            
5.883007            
2.505445            
4.957746            
7.912941            
4.530569            
3.913776            
4.150466            
5.162549            
7.078443            
3.635868            
3.754460            
3.626371            
3.738205            
3.665552            
4.894278            
4.265423            
4.140552            
5.125097            
3.086334            
3.867511            
3.892808            
5.846687            
3.525889            
3.612086            
5.586245            
3.582502            
6.176882            
3.068686            
5.283292            
3.687379            
3.383921            
4.071260            
4.480938            
4.743564            
8.642182            
3.770648            
4.095862            
3.784669            
4.051682            
2.831408            
6.696943            
7.425712            
5.758288            
4.195652            
4.037797            
4.460265            
3.427394            
5.408725            
4.327003            
4.626262            
6.382456            
4.246337            
7.769607            
3.442148            
3.398720            
5.541082            
5.013548            
5.923937            
3.075740            
4.784508            
4.907318            
3.757873            
2.712651            
4.534671            
3.251201            
4.631964            
7.027431            
12.464210           
2.938688            
4.418465            
5.188795            
6.300686            
3.201531            
3.862527            
2.785306            
3.610936            
5.818936            
6.354967            
5.568196            
5.956407            
5.019870            
6.325458            
3.315175            
4.373541            
2.706684            
6.090696            
9.650768            
5.144860            
4.736882            
2.860805            
3.671260            
3.662417            
5.937017            
4.134255            
7.175930            
3.407845            
6.472052            
4.127234            
4.227150            
4.042787            
5.189920            
7.713580            
8.439033            
5.612637            
4.595121            
2.787600            
2.993960            
3.362397            
5.208310            
5.351244            
6.706837            
9.069297            
4.300398            
2.429278            
3.708077            
3.100115            
5.408976            
4.465363            
4.170761            
5.096424            
2.681661            
5.133252            
5.327595            
4.607587            
6.841880            
3.763195            
5.868099            
5.359848            
5.254926            
6.102950            
4.786557            
6.340924            
3.912944            
6.187107            
4.641819            
5.560646            
6.748036            
4.967174            
9.010978            
4.009113            
3.789494            
6.147976            
3.464765            
4.465019            
3.690695            
3.111109            
5.133771            
3.615063            
7.599725            
4.085350            
6.040931            
3.856127            
3.657384            
3.024689            
5.145172            
3.495682            
4.119521            
2.195374            
5.997229            
7.761779            
6.369072            
3.955162            
2.620788            
4.445987            
3.653053            
3.865371            
3.753653            
8.186968            
4.772979            
3.534482            
5.317001            
3.632233            
4.781243            
3.535020            
5.537602            
3.230143            
2.786202            
5.381679            
3.163662            
3.158356            
5.075580            
4.809625            
5.374780            
6.859536            
5.293970            
4.225533            
6.345093            
4.341183            
7.275088            
6.276710            
6.022569            
2.957554            
6.064383            
7.064568            
7.212866            
5.163319            
3.444856            
3.479608            
7.141736            
4.567696            
8.665808            
5.119896            
3.870356            
3.250526            
5.131759            
4.686420            
5.531076            
6.894653            
2.829104            
3.443807            
4.941549            
6.207406            
7.282736            
3.871747            
5.310567            
5.957639            
5.095991            
3.069656            
4.022188            
